number_of_lights 14

// x, y, z (position) | r, g, b, a (color) | x, y, z, w (ambient) | diffuse (x, y, z, w) | specular (x, y, z, w) | atten (x, y, z, w) | direction (x, y, z, w) | param1 (x, y, z, w) | param2 (x, y, z, w)
light_properties

-5849.0 -44778.0  -3040.0   
0.5  0.5  1.0  1.0  
0.5 0.5 0.5 1.0  
1.0  1.0  1.0  1.0   
0.8  0.8  1.0  32000.0   
0.0  0.0000001  0.0000001  10000.0 
0.0  -1.0  0.0  0.0   
0.0  1.0  1.1  0.0   
1.0  0.0  1.0  0.0


5550.0  -44818.0  -2678.0   
0.5  0.5  1.0  1.0  
0.5 0.5 0.5 1.0  
1.0  1.0  1.0  1.0   
0.8  0.8  1.0  32000.0   
0.0  0.0000001  0.0000001  10000.0  
0.0  -1.0  0.0  0.0   
0.0  1.0  1.1  0.0   
1.0  0.0  1.0  0.0


6448.0  -48132.0  4290.0   
0.5  0.5  1.0  1.0  
0.5 0.5 0.5 1.0  
1.0  1.0  1.0  1.0   
0.8  0.8  1.0  32000.0   
0.0  0.0000001  0.0000001  10000.0     
0.0  -1.0  0.0  0.0   
0.0  1.0  1.1  0.0   
1.0  0.0  1.0  0.0


-6282.0 -48309.0  4402.0   
0.5  0.5  1.0  1.0  
0.5 0.5 0.5 1.0  
1.0  1.0  1.0  1.0   
0.8  0.8  1.0  32000.0   
0.0  0.0000001  0.0000001  10000.0   
-1.0 -1.0  0.0  0.0   
0.0  0.5  1.1  0.0   
1.0  0.0  1.0  0.0


0.0  103000.0 0.0
1.0  1.0  1.0  1.0  
0.5 0.5 0.5 1.0  
1.0  1.0  1.0  1.0   
1.0  1.0  1.0  32.0   
1.0  0.000001  0.0000000001  1000000.0
-1.0   -1.0  0.0  0.0   
0.0  0.0  0.0  0.0   
1.0  0.0  0.0  0.0


0.0  -103000.0 0.0 
1.0  1.0  1.0  1.0  
0.5 0.5 0.5 1.0  
1.0  1.0  1.0  1.0   
1.0  1.0  1.0  32.0   
1.0  0.000001  0.0000000001  1000000.0
-1.0   -1.0  0.0  0.0   
0.0  0.0  0.0  0.0   
1.0  0.0  0.0  0.0


10000.0  0.0 10000.0 
1.0  1.0  1.0  1.0  
0.5 0.5 0.5 1.0  
1.0  1.0  1.0  1.0   
1.0  1.0  1.0  32.0   
1.0  0.000001  0.0000000001  1000000.0
-1.0   -1.0  0.0  0.0   
0.0  0.0  0.0  0.0   
1.0  0.0  0.0  0.0

355525.0  154985.0 -13450.0
1.0  1.0  1.0  1.0  
0.5 0.5 0.5 1.0  
1.0  1.0  1.0  1.0   
1.0  1.0  1.0  32000.0   
0.0  0.0000001  0.0000000001  100000.0
-1.0   -1.0  0.0  0.0   
0.0  0.0  0.0  0.0   
1.0  0.0  0.0  0.0

365045.59 121555.47  -13071.84   
1.0  0.0  0.0  1.0  
0.5 0.5 0.5 1.0  
1.0  1.0  1.0  1.0   
0.8  0.8  1.0  32000.0   
0.0  0.0  0.06  0.0   
1.0 0.5  0.0  0.0   
1.0  0.3  0.4  0.0   
1.0  0.0  1.0  0.0


361068.0 118568.0 -12071.0
1.0  0.0  0.0  1.0  
0.5 0.5 0.5 1.0  
1.0  1.0  1.0  1.0   
0.8  0.8  1.0  32000.0   
0.0  0.001  0.0001  10.0   
1.0 0.5  0.0  0.0   
0.0  0.3  0.4  0.0   
1.0  0.0  1.0  0.0

361068.0 118768.0 -12071.0
1.0  0.0  0.0  1.0  
0.5 0.5 0.5 1.0  
1.0  1.0  1.0  1.0   
0.8  0.8  1.0  32000.0   
0.0  0.001  0.0001  10.0   
1.0 0.5  0.0  0.0   
0.0  0.3  0.4  0.0   
1.0  0.0  1.0  0.0

361068.0 118968.0 -12071.0
1.0  0.0  0.0  1.0  
0.5 0.5 0.5 1.0  
1.0  1.0  1.0  1.0   
0.8  0.8  1.0  32000.0   
0.0  0.001  0.0001  10.0   
1.0 0.5  0.0  0.0   
0.0  0.3  0.4  0.0   
1.0  0.0  1.0  0.0

361068.0 119168.0 -12071.0
1.0  0.0  0.0  1.0  
0.5 0.5 0.5 1.0  
1.0  1.0  1.0  1.0   
0.8  0.8  1.0  32000.0   
0.0  0.001  0.0001  10.0   
1.0 0.5  0.0  0.0   
0.0  0.3  0.4  0.0   
1.0  0.0  1.0  0.0

361068.0 119368.0 -12071.0
1.0  0.0  0.0  1.0  
0.5 0.5 0.5 1.0  
1.0  1.0  1.0  1.0   
0.8  0.8  1.0  32000.0   
0.0  0.001  0.0001  10.0   
1.0 0.5  0.0  0.0   
0.0  0.3  0.4  0.0   
1.0  0.0  1.0  0.0